'D'   'X'                            314.80350      1    1    0.0000000        1000.0000    
'D'   'X'                            1004.8044      1    2    0.0000000        2000.0000    
'D'   'X'                            305.15588      1    3    0.0000000        1000.0000    
'D'   'X'                            276.71576      1    4    0.0000000        1000.0000    
'D'   'X'                            495.63522      1    5    0.0000000        1000.0000    
'D'   'X'                            280.57962      1    6    0.0000000        1000.0000    
'O'   'COST'                         55.230877      0         0.0000000    
'C'   'C'                            0.0000000      1    1   -1.0000000        0.0000000      -0.1E-03
'C'   'C'                            0.0000000      1    2   -1.0000000        0.0000000      -0.1E-03
'C'   'C'                            0.0000000      1    3   -1.0000000        0.0000000      -0.1E-03
'C'   'C'                            0.0000000      1    4   -1.0000000        0.0000000      -0.1E-03
'C'   'C'                            0.0000000      1    5   -1.0000000        0.0000000      -0.1E-03
'C'   'C'                            0.0000000      1    6   -1.0000000        0.0000000      -0.1E-03
'C'   'C'                            0.0000000      1    7   -1.0000000        0.0000000      -0.1E-03
'C'   'C'                            0.0000000      1    8   -1.0000000        0.0000000      -0.1E-03
'C'   'C'                            0.0000000      1    9   -1.0000000        0.0000000      -0.1E-03
'C'   'C'                            0.0000000      1   10   -1.0000000        0.0000000      -0.1E-03
'C'   'C'                            0.0000000      1   11   -1.0000000        0.0000000      -0.1E-03
'C'   'C'                            0.0000000      1   12   -1.0000000        0.0000000      -0.1E-03
'C'   'C'                            0.0000000      1   13   -1.0000000        0.0000000      -0.1E-03
'C'   'C'                            0.0000000      1   14   -1.0000000        0.0000000      -0.1E-03
'C'   'C'                            0.0000000      1   15   -1.0000000        0.0000000      -0.1E-03
'C'   'C'                            0.0000000      1   16   -1.0000000        0.0000000      -0.1E-03
'C'   'C'                            0.0000000      1   17   -1.0000000        0.0000000      -0.1E-03
'C'   'C'                            0.0000000      1   18   -1.0000000        0.0000000      -0.1E-03
'C'   'C'                            0.0000000      1   19   -1.0000000        0.0000000      -0.1E-03
'C'   'C'                            0.0000000      1   20   -1.0000000        0.0000000      -0.1E-03
'C'   'C'                            0.0000000      1   21   -1.0000000        0.0000000      -0.1E-03
'C'   'C'                            0.0000000      1   22   -1.0000000        0.0000000      -0.1E-03
'C'   'C'                            0.0000000      1   23   -1.0000000        0.0000000      -0.1E-03
'C'   'C'                            0.0000000      1   24   -1.0000000        0.0000000      -0.1E-03
'C'   'C'                            0.0000000      1   25   -1.0000000        0.0000000      -0.1E-03
'C'   'C'                            0.0000000      1   26   -1.0000000        0.0000000      -0.1E-03
'C'   'C'                            0.0000000      1   27   -1.0000000        0.0000000      -0.1E-03
'C'   'C'                            0.0000000      1   28   -1.0000000        0.0000000      -0.1E-03
'C'   'C'                            0.0000000      1   29   -1.0000000        0.0000000      -0.1E-03
'C'   'C'                            0.0000000      1   30   -1.0000000        0.0000000      -0.1E-03
'P'   'NDV'                               6         0
'P'   'NCON'                             30         0
'P'   'MODE'                              1         0
'P'   'DIVISIONS'                        10         0
'P'   'PCOST'                        0.0000000      0
'H'   'END                                                                   '
 
