 =============================
 OUTPUT FILE = tmp/jobvars.txt
 =============================
 
       DATE:  5/29/2013
 START TIME: 23:49:31
 
 
 KEY:
 
-----------------------------------------------------------------
TYPE  NAME                            DIM   LOC             IDNUM
-----------------------------------------------------------------
'D'   'X'                              1     1                1
'D'   'X'                              1     2                2
'D'   'X'                              1     3                3
'D'   'X'                              1     4                4
'D'   'X'                              1     5                5
'D'   'X'                              1     6                6
'O'   'COST'                           0                      7
'C'   'C'                              1     1                8
'C'   'C'                              1     2                9
'C'   'C'                              1     3               10
'C'   'C'                              1     4               11
'C'   'C'                              1     5               12
'C'   'C'                              1     6               13
'C'   'C'                              1     7               14
'C'   'C'                              1     8               15
'C'   'C'                              1     9               16
'C'   'C'                              1    10               17
'C'   'C'                              1    11               18
'C'   'C'                              1    12               19
'C'   'C'                              1    13               20
'C'   'C'                              1    14               21
'C'   'C'                              1    15               22
'C'   'C'                              1    16               23
'C'   'C'                              1    17               24
'C'   'C'                              1    18               25
'C'   'C'                              1    19               26
'C'   'C'                              1    20               27
'C'   'C'                              1    21               28
'C'   'C'                              1    22               29
'C'   'C'                              1    23               30
'C'   'C'                              1    24               31
'C'   'C'                              1    25               32
'C'   'C'                              1    26               33
'C'   'C'                              1    27               34
'C'   'C'                              1    28               35
'C'   'C'                              1    29               36
'C'   'C'                              1    30               37
'P'   'NDV'                            0                     38
'P'   'NCON'                           0                     39
'P'   'MODE'                           0                     40
'P'   'DIVISIONS'                      0                     41
'P'   'PCOST'                          0                     42
-----------------------------------------------------------------
 
 
-----------------------------------------------------------------
     FCALL   TELAPSE(HR)             1             2             3             4             5             6             7             8             9            10            11            12            13            14            15            16            17            18            19            20            21            22            23            24            25            26            27            28            29            30            31            32            33            34            35            36            37            38            39            40            41            42
-----------------------------------------------------------------
         1        0.0004   0.31194E+03   0.10000E+04   0.30481E+03   0.27689E+03   0.49489E+03   0.28160E+03   0.55271E+02   0.00000E+00   0.00000E+00   0.00000E+00   0.00000E+00   0.00000E+00   0.00000E+00   0.00000E+00   0.00000E+00   0.00000E+00   0.00000E+00   0.00000E+00   0.00000E+00   0.00000E+00   0.00000E+00   0.00000E+00   0.00000E+00   0.00000E+00   0.00000E+00   0.00000E+00   0.00000E+00   0.00000E+00   0.00000E+00   0.00000E+00   0.00000E+00   0.00000E+00   0.00000E+00   0.00000E+00   0.00000E+00   0.00000E+00   0.00000E+00   0.60000E+01   0.30000E+02   0.10000E+01   0.10000E+02   0.00000E+00   0.56271E+02
         5        0.0020   0.31195E+03   0.10000E+04   0.30481E+03   0.27689E+03   0.49489E+03   0.28160E+03   0.55271E+02   0.00000E+00   0.00000E+00   0.00000E+00   0.00000E+00   0.00000E+00   0.00000E+00   0.00000E+00   0.00000E+00   0.00000E+00   0.00000E+00   0.00000E+00   0.00000E+00   0.00000E+00   0.00000E+00   0.00000E+00   0.00000E+00   0.00000E+00   0.00000E+00   0.00000E+00   0.00000E+00   0.00000E+00   0.00000E+00   0.00000E+00   0.00000E+00   0.00000E+00   0.00000E+00   0.00000E+00   0.00000E+00   0.00000E+00   0.00000E+00   0.60000E+01   0.30000E+02   0.10000E+01   0.10000E+02   0.00000E+00   0.56271E+02
        14        0.0055   0.31279E+03   0.10012E+04   0.30566E+03   0.27779E+03   0.49428E+03   0.28125E+03   0.55250E+02   0.00000E+00   0.00000E+00   0.00000E+00   0.00000E+00   0.00000E+00   0.00000E+00   0.00000E+00   0.00000E+00   0.00000E+00   0.00000E+00   0.00000E+00   0.00000E+00   0.00000E+00   0.00000E+00   0.00000E+00   0.00000E+00   0.00000E+00   0.00000E+00   0.00000E+00   0.00000E+00   0.00000E+00   0.00000E+00   0.00000E+00   0.00000E+00   0.00000E+00   0.00000E+00   0.00000E+00   0.00000E+00   0.00000E+00   0.00000E+00   0.60000E+01   0.30000E+02   0.10000E+01   0.10000E+02   0.00000E+00   0.56250E+02
        15        0.0059   0.31280E+03   0.10012E+04   0.30566E+03   0.27779E+03   0.49428E+03   0.28125E+03   0.55250E+02   0.00000E+00   0.00000E+00   0.00000E+00   0.00000E+00   0.00000E+00   0.00000E+00   0.00000E+00   0.00000E+00   0.00000E+00   0.00000E+00   0.00000E+00   0.00000E+00   0.00000E+00   0.00000E+00   0.00000E+00   0.00000E+00   0.00000E+00   0.00000E+00   0.00000E+00   0.00000E+00   0.00000E+00   0.00000E+00   0.00000E+00   0.00000E+00   0.00000E+00   0.00000E+00   0.00000E+00   0.00000E+00   0.00000E+00   0.00000E+00   0.60000E+01   0.30000E+02   0.10000E+01   0.10000E+02   0.00000E+00   0.56250E+02
        24        0.0089   0.31348E+03   0.10022E+04   0.30636E+03   0.27751E+03   0.49478E+03   0.28105E+03   0.55242E+02   0.00000E+00   0.00000E+00   0.00000E+00   0.00000E+00   0.00000E+00   0.00000E+00   0.00000E+00   0.00000E+00   0.00000E+00   0.00000E+00   0.00000E+00   0.00000E+00   0.00000E+00   0.00000E+00   0.00000E+00   0.00000E+00   0.00000E+00   0.00000E+00   0.00000E+00   0.00000E+00   0.00000E+00   0.00000E+00   0.00000E+00   0.00000E+00   0.00000E+00   0.00000E+00   0.00000E+00   0.00000E+00   0.00000E+00   0.00000E+00   0.60000E+01   0.30000E+02   0.10000E+01   0.10000E+02   0.00000E+00   0.56242E+02
        25        0.0093   0.31349E+03   0.10022E+04   0.30636E+03   0.27751E+03   0.49478E+03   0.28105E+03   0.55242E+02   0.00000E+00   0.00000E+00   0.00000E+00   0.00000E+00   0.00000E+00   0.00000E+00   0.00000E+00   0.00000E+00   0.00000E+00   0.00000E+00   0.00000E+00   0.00000E+00   0.00000E+00   0.00000E+00   0.00000E+00   0.00000E+00   0.00000E+00   0.00000E+00   0.00000E+00   0.00000E+00   0.00000E+00   0.00000E+00   0.00000E+00   0.00000E+00   0.00000E+00   0.00000E+00   0.00000E+00   0.00000E+00   0.00000E+00   0.00000E+00   0.60000E+01   0.30000E+02   0.10000E+01   0.10000E+02   0.00000E+00   0.56242E+02
        34        0.0126   0.31496E+03   0.10044E+04   0.30570E+03   0.27737E+03   0.49587E+03   0.28151E+03   0.55233E+02   0.00000E+00   0.00000E+00   0.00000E+00   0.00000E+00   0.00000E+00   0.00000E+00   0.00000E+00   0.00000E+00   0.00000E+00   0.00000E+00   0.00000E+00   0.00000E+00   0.00000E+00   0.00000E+00   0.00000E+00   0.00000E+00   0.00000E+00   0.00000E+00   0.00000E+00   0.00000E+00   0.00000E+00   0.00000E+00   0.00000E+00   0.00000E+00   0.00000E+00   0.00000E+00   0.00000E+00   0.00000E+00   0.00000E+00   0.00000E+00   0.60000E+01   0.30000E+02   0.10000E+01   0.10000E+02   0.00000E+00   0.56233E+02
        35        0.0129   0.31497E+03   0.10044E+04   0.30570E+03   0.27737E+03   0.49587E+03   0.28151E+03   0.55233E+02   0.00000E+00   0.00000E+00   0.00000E+00   0.00000E+00   0.00000E+00   0.00000E+00   0.00000E+00   0.00000E+00   0.00000E+00   0.00000E+00   0.00000E+00   0.00000E+00   0.00000E+00   0.00000E+00   0.00000E+00   0.00000E+00   0.00000E+00   0.00000E+00   0.00000E+00   0.00000E+00   0.00000E+00   0.00000E+00   0.00000E+00   0.00000E+00   0.00000E+00   0.00000E+00   0.00000E+00   0.00000E+00   0.00000E+00   0.00000E+00   0.60000E+01   0.30000E+02   0.10000E+01   0.10000E+02   0.00000E+00   0.56233E+02
        36        0.0134   0.31496E+03   0.10044E+04   0.30570E+03   0.27737E+03   0.49587E+03   0.28151E+03   0.55233E+02   0.00000E+00   0.00000E+00   0.00000E+00   0.00000E+00   0.00000E+00   0.00000E+00   0.00000E+00   0.00000E+00   0.00000E+00   0.00000E+00   0.00000E+00   0.00000E+00   0.00000E+00   0.00000E+00   0.00000E+00   0.00000E+00   0.00000E+00   0.00000E+00   0.00000E+00   0.00000E+00   0.00000E+00   0.00000E+00   0.00000E+00   0.00000E+00   0.00000E+00   0.00000E+00   0.00000E+00   0.00000E+00   0.00000E+00   0.00000E+00   0.60000E+01   0.30000E+02   0.10000E+01   0.10000E+02   0.00000E+00   0.56233E+02
        38        0.0141   0.31496E+03   0.10044E+04   0.30570E+03   0.27738E+03   0.49587E+03   0.28151E+03   0.55233E+02   0.00000E+00   0.00000E+00   0.00000E+00   0.00000E+00   0.00000E+00   0.00000E+00   0.00000E+00   0.00000E+00   0.00000E+00   0.00000E+00   0.00000E+00   0.00000E+00   0.00000E+00   0.00000E+00   0.00000E+00   0.00000E+00   0.00000E+00   0.00000E+00   0.00000E+00   0.00000E+00   0.00000E+00   0.00000E+00   0.00000E+00   0.00000E+00   0.00000E+00   0.00000E+00   0.00000E+00   0.00000E+00   0.00000E+00   0.00000E+00   0.60000E+01   0.30000E+02   0.10000E+01   0.10000E+02   0.00000E+00   0.56233E+02
        44        0.0163   0.31468E+03   0.10057E+04   0.30545E+03   0.27700E+03   0.49591E+03   0.28114E+03   0.55232E+02   0.00000E+00   0.00000E+00   0.00000E+00   0.00000E+00   0.00000E+00   0.00000E+00   0.00000E+00   0.00000E+00   0.00000E+00   0.00000E+00   0.00000E+00   0.00000E+00   0.00000E+00   0.00000E+00   0.00000E+00   0.00000E+00   0.00000E+00   0.00000E+00   0.00000E+00   0.00000E+00   0.00000E+00   0.00000E+00   0.00000E+00   0.00000E+00   0.00000E+00   0.00000E+00   0.00000E+00   0.00000E+00   0.00000E+00   0.00000E+00   0.60000E+01   0.30000E+02   0.10000E+01   0.10000E+02   0.00000E+00   0.56232E+02
        45        0.0167   0.31469E+03   0.10057E+04   0.30545E+03   0.27700E+03   0.49591E+03   0.28114E+03   0.55232E+02   0.00000E+00   0.00000E+00   0.00000E+00   0.00000E+00   0.00000E+00   0.00000E+00   0.00000E+00   0.00000E+00   0.00000E+00   0.00000E+00   0.00000E+00   0.00000E+00   0.00000E+00   0.00000E+00   0.00000E+00   0.00000E+00   0.00000E+00   0.00000E+00   0.00000E+00   0.00000E+00   0.00000E+00   0.00000E+00   0.00000E+00   0.00000E+00   0.00000E+00   0.00000E+00   0.00000E+00   0.00000E+00   0.00000E+00   0.00000E+00   0.60000E+01   0.30000E+02   0.10000E+01   0.10000E+02   0.00000E+00   0.56232E+02
        48        0.0178   0.31468E+03   0.10057E+04   0.30545E+03   0.27701E+03   0.49591E+03   0.28114E+03   0.55232E+02   0.00000E+00   0.00000E+00   0.00000E+00   0.00000E+00   0.00000E+00   0.00000E+00   0.00000E+00   0.00000E+00   0.00000E+00   0.00000E+00   0.00000E+00   0.00000E+00   0.00000E+00   0.00000E+00   0.00000E+00   0.00000E+00   0.00000E+00   0.00000E+00   0.00000E+00   0.00000E+00   0.00000E+00   0.00000E+00   0.00000E+00   0.00000E+00   0.00000E+00   0.00000E+00   0.00000E+00   0.00000E+00   0.00000E+00   0.00000E+00   0.60000E+01   0.30000E+02   0.10000E+01   0.10000E+02   0.00000E+00   0.56232E+02
        54        0.0203   0.31483E+03   0.10049E+04   0.30518E+03   0.27664E+03   0.49572E+03   0.28059E+03   0.55231E+02   0.00000E+00   0.00000E+00   0.00000E+00   0.00000E+00   0.00000E+00   0.00000E+00   0.00000E+00   0.00000E+00   0.00000E+00   0.00000E+00   0.00000E+00   0.00000E+00   0.00000E+00   0.00000E+00   0.00000E+00   0.00000E+00   0.00000E+00   0.00000E+00   0.00000E+00   0.00000E+00   0.00000E+00   0.00000E+00   0.00000E+00   0.00000E+00   0.00000E+00   0.00000E+00   0.00000E+00   0.00000E+00   0.00000E+00   0.00000E+00   0.60000E+01   0.30000E+02   0.10000E+01   0.10000E+02   0.00000E+00   0.56231E+02
        58        0.0219   0.31483E+03   0.10049E+04   0.30518E+03   0.27665E+03   0.49572E+03   0.28059E+03   0.55231E+02   0.00000E+00   0.00000E+00   0.00000E+00   0.00000E+00   0.00000E+00   0.00000E+00   0.00000E+00   0.00000E+00   0.00000E+00   0.00000E+00   0.00000E+00   0.00000E+00   0.00000E+00   0.00000E+00   0.00000E+00   0.00000E+00   0.00000E+00   0.00000E+00   0.00000E+00   0.00000E+00   0.00000E+00   0.00000E+00   0.00000E+00   0.00000E+00   0.00000E+00   0.00000E+00   0.00000E+00   0.00000E+00   0.00000E+00   0.00000E+00   0.60000E+01   0.30000E+02   0.10000E+01   0.10000E+02   0.00000E+00   0.56231E+02
        69        0.0259   0.31483E+03   0.10049E+04   0.30518E+03   0.27666E+03   0.49572E+03   0.28059E+03   0.55231E+02   0.00000E+00   0.00000E+00   0.00000E+00   0.00000E+00   0.00000E+00   0.00000E+00   0.00000E+00   0.00000E+00   0.00000E+00   0.00000E+00   0.00000E+00   0.00000E+00   0.00000E+00   0.00000E+00   0.00000E+00   0.00000E+00   0.00000E+00   0.00000E+00   0.00000E+00   0.00000E+00   0.00000E+00   0.00000E+00   0.00000E+00   0.00000E+00   0.00000E+00   0.00000E+00   0.00000E+00   0.00000E+00   0.00000E+00   0.00000E+00   0.60000E+01   0.30000E+02   0.10000E+01   0.10000E+02   0.00000E+00   0.56231E+02
        76        0.0284   0.31483E+03   0.10049E+04   0.30515E+03   0.27672E+03   0.49567E+03   0.28057E+03   0.55231E+02   0.00000E+00   0.00000E+00   0.00000E+00   0.00000E+00   0.00000E+00   0.00000E+00   0.00000E+00   0.00000E+00   0.00000E+00   0.00000E+00   0.00000E+00   0.00000E+00   0.00000E+00   0.00000E+00   0.00000E+00   0.00000E+00   0.00000E+00   0.00000E+00   0.00000E+00   0.00000E+00   0.00000E+00   0.00000E+00   0.00000E+00   0.00000E+00   0.00000E+00   0.00000E+00   0.00000E+00   0.00000E+00   0.00000E+00   0.00000E+00   0.60000E+01   0.30000E+02   0.10000E+01   0.10000E+02   0.00000E+00   0.56231E+02
        79        0.0296   0.31483E+03   0.10049E+04   0.30516E+03   0.27672E+03   0.49567E+03   0.28057E+03   0.55231E+02   0.00000E+00   0.00000E+00   0.00000E+00   0.00000E+00   0.00000E+00   0.00000E+00   0.00000E+00   0.00000E+00   0.00000E+00   0.00000E+00   0.00000E+00   0.00000E+00   0.00000E+00   0.00000E+00   0.00000E+00   0.00000E+00   0.00000E+00   0.00000E+00   0.00000E+00   0.00000E+00   0.00000E+00   0.00000E+00   0.00000E+00   0.00000E+00   0.00000E+00   0.00000E+00   0.00000E+00   0.00000E+00   0.00000E+00   0.00000E+00   0.60000E+01   0.30000E+02   0.10000E+01   0.10000E+02   0.00000E+00   0.56231E+02
        91        0.0338   0.31480E+03   0.10048E+04   0.30516E+03   0.27672E+03   0.49564E+03   0.28058E+03   0.55231E+02   0.00000E+00   0.00000E+00   0.00000E+00   0.00000E+00   0.00000E+00   0.00000E+00   0.00000E+00   0.00000E+00   0.00000E+00   0.00000E+00   0.00000E+00   0.00000E+00   0.00000E+00   0.00000E+00   0.00000E+00   0.00000E+00   0.00000E+00   0.00000E+00   0.00000E+00   0.00000E+00   0.00000E+00   0.00000E+00   0.00000E+00   0.00000E+00   0.00000E+00   0.00000E+00   0.00000E+00   0.00000E+00   0.00000E+00   0.00000E+00   0.60000E+01   0.30000E+02   0.10000E+01   0.10000E+02   0.00000E+00   0.56231E+02
        95        0.0410   0.14678E+03   0.22888E-04   0.56624E+03   0.50183E+03   0.17744E+03   0.57601E+03   0.00000E+00   0.00000E+00   0.00000E+00   0.00000E+00   0.00000E+00   0.00000E+00   0.00000E+00   0.00000E+00   0.00000E+00   0.00000E+00   0.00000E+00   0.00000E+00   0.00000E+00   0.00000E+00   0.00000E+00   0.00000E+00   0.00000E+00   0.00000E+00   0.00000E+00   0.00000E+00   0.00000E+00   0.00000E+00   0.00000E+00   0.00000E+00   0.00000E+00   0.00000E+00   0.00000E+00   0.00000E+00   0.00000E+00   0.00000E+00   0.00000E+00   0.60000E+01   0.30000E+02   0.10000E+01   0.10000E+02   0.00000E+00   0.10000E+01
