'D'  'X'      311.94  1  1           0      1000
'D'  'X'        1000  1  2           0      2000
'D'  'X'     304.806  1  3           0      1000
'D'  'X'     276.895  1  4           0      1000
'D'  'X'     494.886  1  5           0      1000
'D'  'X'     281.598  1  6           0      1000
'O'  'COST'           0  0           0
'C'  'C'           0  1  1          -1         0   -0.0001
'C'  'C'           0  1  2          -1         0   -0.0001
'C'  'C'           0  1  3          -1         0   -0.0001
'C'  'C'           0  1  4          -1         0   -0.0001
'C'  'C'           0  1  5          -1         0   -0.0001
'C'  'C'           0  1  6          -1         0   -0.0001
'C'  'C'           0  1  7          -1         0   -0.0001
'C'  'C'           0  1  8          -1         0   -0.0001
'C'  'C'           0  1  9          -1         0   -0.0001
'C'  'C'           0  1  10          -1         0   -0.0001
'C'  'C'           0  1  11          -1         0   -0.0001
'C'  'C'           0  1  12          -1         0   -0.0001
'C'  'C'           0  1  13          -1         0   -0.0001
'C'  'C'           0  1  14          -1         0   -0.0001
'C'  'C'           0  1  15          -1         0   -0.0001
'C'  'C'           0  1  16          -1         0   -0.0001
'C'  'C'           0  1  17          -1         0   -0.0001
'C'  'C'           0  1  18          -1         0   -0.0001
'C'  'C'           0  1  19          -1         0   -0.0001
'C'  'C'           0  1  20          -1         0   -0.0001
'C'  'C'           0  1  21          -1         0   -0.0001
'C'  'C'           0  1  22          -1         0   -0.0001
'C'  'C'           0  1  23          -1         0   -0.0001
'C'  'C'           0  1  24          -1         0   -0.0001
'C'  'C'           0  1  25          -1         0   -0.0001
'C'  'C'           0  1  26          -1         0   -0.0001
'C'  'C'           0  1  27          -1         0   -0.0001
'C'  'C'           0  1  28          -1         0   -0.0001
'C'  'C'           0  1  29          -1         0   -0.0001
'C'  'C'           0  1  30          -1         0   -0.0001
'P'  'NDV'           6  0
'P'  'NCON'          30  0
'P'  'MODE'           1  0
'P'  'DIVISIONS'          10  0
'P'  'PCOST'           0  0
'H'  'END'
